time,temperature,vibrant,current
1651283057,90.71000000000001,81,45
1651283092,90.71000000000001,82,45
1651283092,90.71000000000001,81,45
1651283093,90.71000000000001,81,45
1651283094,90.71000000000001,81,45
1651283094,90.71000000000001,81,45
1651283095,90.71000000000001,81,45
1651283095,90.71000000000001,81,45
1651283096,90.71000000000001,81,45
1651283097,90.71000000000001,81,45
1651283097,90.71000000000001,81,45
1651283098,90.71000000000001,81,45
1651285253,96.85000000000001,82,42
1651285254,96.85000000000001,81,42
1651285254,96.85000000000001,81,42
1651285255,96.85000000000001,81,42
1651285256,96.85000000000001,81,42
1651285256,96.85000000000001,81,42
1651285257,96.85000000000001,81,42
1651285257,96.85000000000001,81,42
1651285258,96.85000000000001,81,42
1651285259,96.85000000000001,81,42
1651285259,96.85000000000001,81,42
1651285260,96.85000000000001,80,42
1651285260,96.85000000000001,81,42
1651285261,96.85000000000001,81,42
1651285262,96.85000000000001,81,42
1651285262,96.85000000000001,81,42
1651285263,96.85000000000001,81,42
1651285263,96.85000000000001,81,42
1651285264,96.85000000000001,81,42
1651285265,96.85000000000001,81,42
1651285265,96.85000000000001,81,42
1651285266,96.85000000000001,81,42
1651285266,96.85000000000001,81,42
1651285267,96.85000000000001,81,42
1651285268,96.85000000000001,81,42
1651285268,96.85000000000001,81,42
1651285269,96.85000000000001,81,42
1651285269,96.85000000000001,81,42
1651285270,96.85000000000001,81,42
1651285271,96.85000000000001,80,42
1651285271,96.85000000000001,81,42
