time,temperature,vibrant,current
1651283057,0.38,552,51
1651283092,0.13,563,51
1651283093,0.1,559,51
1651283093,0.31,575,51
1651283094,0.24,570,51
1651283095,0.0,557,51
1651283095,0.35000000000000003,564,51
1651283096,0.35000000000000003,574,51
1651283096,0.35000000000000003,572,51
1651283097,0.38,561,51
1651283098,0.45,566,51
1651285253,-2.2800000000000002,568,51
1651285254,-2.16,542,51
1651285255,-2.2800000000000002,553,51
1651285255,-2.2800000000000002,582,51
1651285256,-2.32,586,51
1651285256,-2.36,556,51
1651285257,-2.32,540,51
1651285258,-2.2800000000000002,585,51
1651285258,-2.16,580,51
1651285259,-2.2800000000000002,550,51
1651285259,-2.36,540,51
1651285260,-2.71,563,51
1651285261,-2.75,586,51
1651285261,-2.71,568,51
1651285262,-2.71,539,51
1651285262,-2.71,563,51
1651285263,-2.75,590,51
1651285264,-2.75,568,51
1651285264,-2.75,539,51
1651285265,-2.67,552,51
1651285265,-2.71,590,51
1651285266,-2.63,571,51
1651285267,-2.59,537,51
1651285267,-2.59,550,51
1651285268,-2.24,583,51
1651285268,-2.36,588,51
1651285269,-2.5500000000000003,550,51
1651285270,-2.63,536,51
1651285270,-2.71,576,51
1651285271,-2.75,584,51
1651285271,-2.59,557,51
